Total amount of free biome ids: C:\Users\magna\AppData\Roaming\.technic\modpacks\terralization\config\AntiIDConflict\biomes\avaibleIDs.txt
List of free biome ids:
40
41
42
43
44
45
46
48
49
60
61
62
63
64
65
66
67
68
69
70
71
72
73
74
75
76
77
78
79
80
81
82
83
84
85
86
87
88
89
90
91
92
93
94
95
96
97
98
99
100
101
106
107
108
109
110
111
112
113
114
115
116
117
118
119
120
121
122
123
125
128
135
136
137
138
139
141
142
143
144
145
146
147
148
150
152
153
154
159
168
169
171
172
173
174
175
180
181
182
183
184
185
186
187
188
189
190
191
192
193
194
195
196
197
198
199
200
201
202
203
204
205
206
207
208
209
210
211
212
213
214
215
216
217
218
219
220
221
222
223
224
225
226
227
228
232
233
237
238
239
244
247
252
